15.0742
5.05636
5.11235
2.53123
0.601877
1.52318
4.76292
1.78727
1.0423
1.73672
3.50231
0.213823
2.00884
5.42773
2.22634
6.05879
6.83104
4.08593
4.39296
2.48733
2.7674
0.662144
1.41139
0.605402
2.43735
10.553
0.0996313
1.37492
3.2249
2.47833
1.18519
1.34549
0.76542
2.84456
1.57519
2.76438
0.49091
0.961757
0.250027
0.768945
3.59395
0.290035
2.11141
0.411255
0.943478
2.09243
7.54978
2.47615
4.8241
9.01735
4.39297
2.60281
2.15143
1.36473
0.74992
1.33277
3.41395
7.29943
1.27242
1.8591
0.207538
6.42284
6.12518
1.82124
2.48452
6.38401
1.88628
2.97463
3.27977
10.1345
3.26028
5.37646
2.29343
1.21777
0.245433
1.88866
1.99553
2.55442
0.911538
1.04139
4.10303
5.6443
1.00218
1.50382
1.48974
4.43987
0.117461
3.40663
0.241339
0.572857
3.05051
1.63399
1.86938
4.60887
1.62549
1.07918
6.87453
3.58174
2.0474
2.40901
2.28618
4.54674
0.529434
2.26908
0.923723
2.34281
1.98267
1.83261
0.418701
1.4892
2.83494
3.36137
2.71853
1.87501
1.83882
1.10745
0.648547
2.22566
2.02855
2.36041
5.48963
4.69451
1.98541
2.98697
4.17905
2.01248
0.384283
1.76685
1.76374
3.96945
0.608002
0.303428
3.8227
0.17027
1.16392
5.68221
5.65482
3.08924
5.29364
3.03213
2.64517
3.4777
0.974062
0.367337
4.41087
0.494091
0.429389
1.90154
2.85332
0.280383
4.94334
1.33835
6.94366
0.695076
1.58751
1.40439
1.61247
0.855376
2.83096
1.33384
2.61757
3.02001
2.70753
0.448373
4.51951
1.8492
1.99087
4.77165
8.03588
1.6629
0.473707
1.77561
3.82688
1.04396
4.79171
1.61589
2.6082
2.00069
5.76019
2.38258
0.713421
3.00649
2.07662
0.864395
1.91205
3.46299
0.309927
1.82033
1.23571
6.00312
0.119503
11.4367
3.12062
0.147323
1.77026
1.33306
2.11162
1.54944
5.11747
3.1882
2.72077
1.87205
6.34833
8.51695
0.416868
0.495228
3.1362
2.09676
1.13834
0.557498
8.99963
2.32478
0.780764
3.05349
4.46479
1.38232
5.47914
1.69122
2.22919
5.57696
1.55344
5.18377
5.07131
1.30654
0.680932
4.88661
1.68574
5.24506
2.97807
0.338815
0.0317149
0.401832
0.203154
7.51402
6.41968
0.583097
1.377
0.353857
1.18395
0.35838
2.79593
8.34339
0.483821
6.1745
3.81271
2.44589
6.30161
1.50229
1.79414
