2.832
0.920127
0.600404
0.265022
0.439539
2.88988
0.559042
10.6712
3.68602
2.17929
3.31282
0.224397
1.97396
0.732658
0.210823
0.434778
0.635841
2.35969
0.949122
1.51539
2.43148
0.257511
0.78394
3.12244
2.34264
0.952741
0.431056
2.56468
0.669287
0.293606
0.372294
0.241412
0.496513
0.540006
0.116715
1.40699
1.07537
0.86846
1.41427
3.486
2.04256
1.25356
2.9767
3.87335
3.50511
1.26848
1.10414
2.11595
0.0651019
5.36023
0.774107
2.24776
0.903769
1.46796
0.396102
0.962301
2.32459
3.19598
0.228906
0.337101
0.503384
2.09151
3.63578
0.996761
1.01903
0.667726
0.192976
2.82526
0.76394
0.704352
1.04622
1.96312
0.569714
0.692056
1.39212
0.226949
2.17319
0.160114
1.77038
0.579704
0.273712
3.93426
1.3817
0.466799
3.15348
2.99756
0.0825871
2.39713
0.093004
0.102049
0.183955
2.4629
1.99314
0.610998
1.00823
1.19373
3.1217
1.15677
6.18921
0.0175178
0.49271
2.27468
1.47808
0.567294
1.54553
0.911839
0.479541
4.5799
1.05969
3.70841
0.460968
0.426692
4.1445
1.87517
0.630914
2.21069
0.960007
3.84749
0.0447846
1.22098
0.664232
0.261789
2.31986
0.155086
2.06566
0.67242
1.91624
1.70672
1.06601
0.0219056
1.28005
0.479784
1.17824
5.51809
3.76683
1.56436
1.52093
1.79877
2.09215
1.00149
0.473704
0.423585
2.57341
1.45785
4.56364
0.633518
1.25651
0.288641
1.93433
0.0436173
3.35355
0.991459
0.680176
3.76987
3.3927
3.31855
2.70764
0.350121
1.44083
4.31268
1.5122
1.42079
0.993815
1.59083
5.41097
2.11832
0.508786
1.62987
0.504364
0.193436
1.93893
0.285085
3.13817
1.12271
14.3372
0.887845
0.998974
1.00756
0.0307339
1.65358
6.43431
2.05369
0.875336
2.41677
2.81741
5.29101
2.91993
0.375154
0.581736
0.528899
0.539842
1.57936
4.08562
1.48223
5.64563
0.839686
1.339
0.0100145
0.812109
2.55901
1.12095
2.43578
0.463722
0.652425
0.742752
0.233353
1.4411
0.358219
3.59887
2.20128
0.381318
1.02409
1.19007
0.0361256
0.0413435
4.53924
0.950404
0.326569
2.1031
0.0356892
4.62362
3.00642
1.36497
0.528943
0.625995
6.23729
0.67286
2.34774
0.345191
0.342105
1.10725
1.75056
2.11465
0.200986
1.96861
7.98355
0.667392
3.79833
2.05924
1.97789
0.701611
2.66459
1.06292
2.04912
0.770039
1.11913
3.68137
6.90466
0.688521
